58990
58996
59015
59033
59066
59083
59102
59169
59187
59211
59240
59262
59275
59299
59316
59319
59323
59324
59326
59338
59385
59446
59451
59502
59516
59552
59567
59594
59626
59642
59664
59669
59671
59674
59685
59700
59727
59786
59812
59839
59843
59849
59856
59870
59876
59881
59896
59918
59941
59955
59974
59982
60017
60038
60041
60047
60059
60062
60084
60126
60138
60143
60174
60185
60216
60249
60273
60295
60301
60306
60328
60349
60392
60407
60431
60447
60449
60455
60458
60484
60499
60504
60513
60553
60554
60567
60576
60590
60602
60623
60644
60653
60668
60735
60741
60786
60791
60811
60816
60859
60891
60898
60933
60941
60950
60952
60983
60987
61000
61012
61025
61042
61045
61048
61078
61082
61084
61120
61165
61167
61177
61179
61199
61200
61201
61213
61222
61236
61251
61268
61284
61302
61308
61323
61327
61365
61416
61420
61440
61443
61460
61473
61499
61530
61537
61563
61568
61588
61593
61622
61667
61677
61678
61718
61734
61751
61786
61792
61793
61798
61852
61856
61897
61914
61930
61931
61934
61957
61965
61969
62029
62037
62044
62050
62053
62055
62067
62073
62077
62083
62084
62093
62095
62103
62108
62109
62121
62192
62196
62237
62261
62263
62334
62349
62359
62367
62408
62411
62413
62417
62434
62443
62449
62465
62501
62513
62542
62581
62601
62626
62646
62660
62686
62774
62782
62783
62793
62830
62848
62922
62932
62947
62954
62992
62995
63029
63053
63139
63147
63152
63156
63236
63241
63264
63290
63318
63333
63343
63366
63398
63408
63438
63443
63445
63491
63512
63514
63526
63541
63575
63641
63647
63658
63677
63690
63701
63758
63764
63823
63845
63923
63949
63955
63970
63978
63983
64009
64011
64021
64037
64050
64071
64103
64121
64129
64183
64189
64234
64279
64284
64311
64317
64323
64335
64367
64400
64407
64432
64433
64447
64456
64466
64496
64537
64540
64603
64644
64647
64672
64677
64695
64732
64810
64832
64843
64846
64850
64872
64876
64878
64887
64893
64909
65017
65031
65046
65067
65074
65098
65103
65107
65116
65132
65133
65134
65169
65209
65234
65252
65267
65276
65301
65306
65311
65317
65321
65324
65402
65433
65497
65498
65502
65512
65534
65542
65551
65562
65594
65624
65638
65658
65670
65721
65722
65774
65787
65809
65831
65850
65851
65880
65899
65901
65934
65951
65960
65988
65989
66052
66054
66070
66099
66114
66119
66162
66170
66175
66176
66185
66214
66215
66224
66232
66272
66273
66287
66317
66423
66442
66445
66452
66457
66473
66481
66491
66499
66502
66521
66530
66537
66557
66575
66583
66621
66663
66693
66735
66771
66802
66820
66823
66833
66874
66912
66946
66994
67010
67043
67047
67096
67097
67098
67106
67131
67163
67191
67196
67200
67201
67234
67268
67285
67311
67312
67339
67369
67370
67379
67387
67391
67428
67435
67447
67464
67474
67480
67481
67490
67494
67521
67534
67556
67559
67583
67596
67636
67686
67693
67732
67736
67789
67799
67805
67810
67825
67833
67843
67857
67876
67899
67909
67968
67983
68007
68008
68016
68055
68057
68062
68066
68067
68106
68275
68300
68303
68304
68308
68313
68316
68324
68389
68416
68417
68419
68454
68461
68466
68486
68520
68552
68589
68594
68608
68614
68616
68626
68629
68649
68655
68687
68691
68703
68708
68746
68751
68770
68789
68790
68825
68832
68889
68894
68914
68922
68943
68997
69000
69043
69049
69070
69139
69143
69166
69177
69201
69273
69281
69293
69330
69347
69362
69364
69379
69408
69427
69439
69440
69493
69500
69517
69525
69531
69572
69595
69603
69604
69605
69662
69676
69683
69689
69699
69710
69712
69740
69744
69814
69817
69822
69823
69908
69932
69936
69937
69939
69948
69982
69995
70000
70005
70007
70023
70028
70049
70051
70084
70114
70124
70125
70137
70167
70191
70205
70222
70260
70277
70295
70301
70312
70329
70343
70384
70393
70406
70418
70419
70475
70523
70555
70556
70579
70586
70630
70635
70698
70721
70731
70761
70776
70793
70805
70812
70846
70852
70861
70904
70922
70925
70963
71016
71055
71061
71090
71159
71178
71179
71183
71184
71286
71317
71322
71323
71337
71357
71373
71388
71408
71461
71466
71483
71512
71531
71623
71626
71635
71643
71663
71674
71677
71720
71784
71791
71793
71819
71844
71854
71857
71860
71909
71918
71929
71951
71973
71975
71998
72013
72035
72036
72060
72067
72134
72136
72139
72145
72146
72164
72185
72202
72239
72262
72274
72297
72299
72320
72337
72342
72377
72379
72437
72444
72460
72512
72547
72555
72561
72573
72582
72624
72655
72673
72679
72696
72707
72720
72735
72740
72755
72794
72810
72831
72848
72863
72874
72892
72918
72920
72934
72935
72953
72959
72992
73009
73051
73052
73069
73089
73106
73119
73133
73150
73154
73167
73183
73219
73236
73280
73305
73319
73323
73332
73381
73394
73399
73429
73445
73454
73464
73469
73486
73499
73527
73566
73582
73594
73606
73624
73647
73670
73681
73705
73710
73719
73720
73723
73736
73748
73756
73793
73808
73855
73883
73914
73917
73920
73938
73951
73980
73998
74000
74004
74012
74034
74035
74051
74056
74078
74118
74199
74212
74246
74255
74271
74298
74320
74336
74405
74419
74420
74481
74493
74496
74511
74549
74567
74578
74628
74635
74671
74709
74792
74798
74847
74852
74866
74883
74911
74990
74994
75003
75023
75042
75088
75100
75112
75127
75166
75187
75194
75240
75271
75327
75361
75391
75392
75395
75441
75473
75511
75527
75548
75564
75566
75576
75597
75610
75650
75660
75674
75692
75726
75728
75748
75751
75796
75809
75824
75897
75938
75960
75969
75984
75986
76003
76009
76023
76027
76036
76065
76134
76167
76189
76193
76217
76224
76243
76258
76346
76354
76357
76375
76379
76423
76496
76505
76511
76518
76528
76529
76552
76558
76587
76593
76628
76658
76665
76683
76738
76745
76777
76830
76847
76863
76885
76892
76896
76898
76922
76932
76955
77004
77013
77014
77022
77024
77107
77132
77149
77154
77194
77214
77215
77228
77246
77265
77266
77269
77272
77281
77296
77308
77325
77340
77344
77386
77400
77403
77432
77465
77473
77499
77530
77543
77563
77564
77584
77602
77627
77631
77638
77686
77687
77692
77695
77696
77699
77708
77710
77732
77741
77743
77745
77749
77765
77786
77794
77800
77815
77818
77840
77886
77914
77943
77946
77984
78063
78076
78090
78101
78130
78132
78139
78151
78170
78175
78194
78195
78208
78209
78218
78234
78289
78302
78319
78335
78378
78456
78457
78458
78460
78473
78479
78520
78541
78572
78588
78589
78595
78598
78599
78602
78616
78619
78637
78651
